(1428, 861)
(1792, 1038
(2432, 1240)
(520, 1416
(2647, 1442)
(468, 1626)
(1937, 1604
(626, 2245
---------------------------
(1402, 857
(1915, 1045)-->best
(2437, 1269)
(832, 1445
(2678, 1486)
(731, 1673
(2266, 1673
(630, 2307)
------------------------------
(1538, 848-->best y-838-->840
(1959, 1045
 (2450,1250)-->best
(687, 1449-->best
(2704, 1445)-->okk x change do + 2950
(547, 1647
(2195, 1651)
(643, 2279

--------
from ->best->(600,1665)
to->(2120, 1660)-->best

---
dateof issue-->(621, 2267)